$ANSIBLE_VAULT;1.2;AES256;tiuha-prod
34326130383533386232633437643362383839613563666537643561313939643032386636386637
3932336432653136363765636431313033646264613431380a626533303264323964366433303539
65643636643331303039643631396533363131343539636662613030336336346530306533326163
6534663363343437340a646634343836633161336265353935323864626662356430633963333039
64323164303437623336323264623230346461306461653133316137303264346166393730313633
32613235386538643963363161353132313339363766333837303432623838323730363832663261
30386530353165316561643030303832326436616238316337333962306334323330666139363130
36366237313934343830613035373864366330626134366435393765373737343531643664333637
38643430383164326336623139616664363835376461663561313132313638366132623834303263
63343335343431613531353831623664376266653334313430393532666638373933336331633335
65373062623764373061643861363864366335383931316635336230656230316138613634316139
38356231366464636332356366313762373536663638323536633039613564323133383965366336
37343939656561396464356664326333616337653332333632336233306537376434663861633938
62663166613137376236636631333037636364613139303963353065343165366264646363613835
62663862306163366132666461333264323635643031393130363234306262326438353636326562
62326636646662303537316233636263323965646661323535623766373937313764626533333638
33356139636266386538636333326462343533366162313130643065316233663132376661333162
62666566373938613339393366383165303434643031303334653765373932376236616161653362
33613037356631323763313763643830363530336464303961333439326265366665393561346230
62313237313035313431323362306337633738366139656632353864636132383530333866303262
34346539353335633564663530623738663232383230643631663363646566323563396633383333
63653231396239336338323038656135666532383034666561323533343733373236363837633162
35343433643863303861643738386337373261643138313130323938393534666262653735393731
30376332616364376362356263643130306238333263643965393231616561313564633937303331
39363936616263646463373161326466383535393332386630363336393630623666313238336636
39376465663463373064656135653532303463313765353831666637653635646137353132353330
30626433646130646139383232663132653634353262616437343461643439313261626537306462
64393232326161303734393763373162666131323139336432666463336661623739396632663063
33356432646435663161393866623565613966653764383665353031363665356235663965383938
62383539363032346239336464393530646130303863336365303065633635636163303665633866
30613939303763633934386238623635633763646435663637323764663662356330316439313831
64336461393238343836623533643833333464333163616339323632346336346265633966353264
35343339376164343361333731393264313833306439303233666534633766656338666135643363
34343634306232623863383762303766373738633331666430313438333134393066323462336539
35666564396234636163653635383939303663666362643733643566313839376137643935343032
64316533356262343932613839613365306137643366643661643135643831363662656538343537
30353034383165643039623166663738353334336564366330613639633133343631666538346661
33313230303438373463303765313661346431616333313162643539373436386135653234303230
66656633343063323437306363646339656137316534373732396533336237633162666335313964
63306264393066393239336435346337316464633064393034353535316130623138316166633363
65313332633730623335333165663736366565333933643933633231323831643437
