$ANSIBLE_VAULT;1.2;AES256;tiuha
62303031356631306362386334336664376362336533366639653338356262633964386233666161
3133326364383335663164653139636633343530323761350a643438353031393032303735323234
31663962303633613366633733643631323665646137366139656330653765323635376531393933
6265323639623463340a666131633133613364666562393166653330643764663966633932333339
31396338656533346633393165393537653139633830353663353236303564353037646262623436
66613039373833363764313437616464636366663331616365346138343530383162643331373134
30663330623762633966393866323136356538396439623033643330353932386333636137343339
38383663646431643266386138666366656437356536663535346230643639356338363936323566
62653732663737306531323863643135333438313633323237366233653465393635346463303765
31613936303366653363393866616336356334643030316639626366353239616662356465643034
65633036616463626364363031346231373733333333313736316131636336383034343635626532
66623736636163336461613338333036396163613135616162386331626265323064393332393962
34383238663937346331613930393865626230313066383964316532626436303430313265323262
62613737613862303336373733363639376636376336303661333263636439646463643638653433
38373561333765383034643366363365383063653563646438303363663830356433346661653766
62626130353232373664636534663264316564303833323637366130616437343466623236666162
34383235353330643732356133396632636339373064656264616535303334626239666439356163
63626437323630343238393966666263623566386139383132623161623738326235616435393336
37643134366437663463663861333266353039316233346538316437623762396530393061316137
33316361386133383964323131633666656361383839306266303436373461386463636637323337
66346332643165393164343434633031616662383936343965363833313165336562373833396666
62623633363730326332353863316632393031636365306530353866363663306538383263343230
66363238343066303533306562303838313235623638343066383532313366356331366166653161
65333532323063323037343965643835643138386666643239393264636339313332346439666638
32353236656336373166373238646365376639633536386364643533616235626364653163343464
65633265303763656435316332626132613563373263656230393436623935383636376636633633
66373536623535393937396639303532646435313864393761613065376236323836653663336162
64346431663964646665343833643939353261343235393863333536383935653430633039343063
31333666343561656338373666396466636438383637303266656666393536663131346438373565
62623133616532323135626336366663353133376235306465316532326334336461626533343635
32323834626338616433623766303038663630626431386439643361616639643834343533333363
31353664376564326638386362393531643763343665386533326633326631363563356434373262
32333137623730363963366536303666336334623361613936343239653538636431306434363065
34363537373064613637613532383438323565386434663537383838303334373566646363393565
32383066316131393832666437363331303965346237316662386463626563646539616538393364
36643364333461376366633462373263316538636634396335386135363033653638376639333663
33653237363137356430656130616362323734626332633330616635623530373266643666386466
32356439353962633366323764366639653630383330623737383130646332373064313137666161
31376434646136383034333161343931646435653932303438313766343431666366663066633566
32313061626637636539653538653434613733663939343062653366653861303962353538653864
31333437626531313230376665636332653139643535353061363836323435366366
